100 30 20
1 13 26 28 
2 22 10 1 27 6 
3 2 4 5 12 
4 24 15 27 2 5 
5 4 18 25 26 
6 19 12 6 27 
7 3 5 6 19 21 
8 30 5 15 13 14 
9 14 22 29 
10 7 23 18 
11 8 28 2 5 17 
12 7 18 1 2 
13 25 18 14 
14 14 10 9 
15 9 25 2 24 14 
16 11 15 30 9 
17 17 10 25 
18 16 9 29 6 
19 26 3 29 28 
20 13 28 24 4 
21 27 30 26 4 8 
22 30 1 7 5 17 
23 26 6 19 
24 2 6 17 
25 7 26 18 
26 29 23 11 
27 19 4 25 17 9 
28 30 25 26 
29 12 6 16 2 
30 27 23 5 29 11 
31 13 29 21 
32 22 17 10 
33 30 27 15 8 
34 1 13 22 14 
35 6 4 5 26 
36 28 9 16 
37 1 26 3 
38 20 29 7 4 24 
39 15 21 1 
40 9 17 19 30 
41 12 1 4 
42 15 20 14 23 
43 29 25 28 
44 17 14 29 
45 13 14 27 16 8 
46 12 22 13 8 
47 21 17 18 4 27 
48 22 7 19 
49 11 9 27 
50 14 29 15 
51 26 9 22 3 
52 23 8 15 4 10 
53 28 14 3 
54 6 18 11 23 1 
55 14 23 11 
56 24 19 15 3 
57 4 28 17 
58 18 19 22 12 
59 3 25 14 9 
60 19 10 18 16 14 
61 27 23 12 7 
62 13 19 17 14 23 
63 8 22 13 9 23 
64 16 13 1 29 8 
65 18 29 20 21 8 
66 14 6 5 16 
67 18 5 24 30 
68 5 24 12 
69 15 20 19 18 10 
70 19 1 26 11 
71 2 8 4 16 11 
72 14 3 19 
73 17 16 7 10 
74 25 18 7 
75 2 4 28 13 
76 8 16 18 
77 28 29 24 16 
78 21 5 27 18 3 
79 3 15 30 
80 16 13 29 
81 7 16 14 1 8 
82 8 7 15 28 
83 3 8 29 10 20 
84 21 1 3 26 15 
85 2 20 22 25 11 
86 17 9 6 
87 6 3 13 27 25 
88 9 6 28 25 29 
89 18 24 3 
90 26 18 6 15 24 
91 16 18 9 23 12 
92 22 19 7 
93 9 5 28 18 
94 15 8 21 12 
95 10 15 5 
96 27 22 16 3 
97 27 19 12 16 4 
98 30 28 23 5 
99 15 7 13 
100 6 30 28 
1 1 1 
2 10 2 
3 5 3 
4 7 4 
5 1 5 
6 6 6 
7 4 7 
8 3 8 
9 4 9 
10 1 10 
11 4 11 
12 3 12 
13 6 13 
14 2 14 
15 3 15 
16 2 16 
17 4 17 
18 4 18 
19 5 19 
20 2 20 
21 5 19 
22 5 2 
23 4 13 
24 4 13 
25 3 17 
26 3 19 
27 7 17 
28 4 20 
29 3 5 
30 5 5 
1 6 34 2 81 54 22 41 84 64 70 39 12 37 
2 5 24 12 71 3 48 32 46 2 15 58 96 9 11 85 75 51 4 92 29 63 34 
3 7 51 37 87 72 79 56 84 19 83 78 7 89 59 53 96 
4 4 97 27 52 41 75 21 5 35 47 3 71 57 38 20 
5 6 28 100 33 93 44 7 80 95 98 68 65 77 78 31 79 9 67 66 64 11 18 50 88 21 83 30 40 35 19 8 22 16 43 26 38 3 4 
6 2 100 29 6 35 88 90 54 24 23 87 86 18 66 7 2 
7 3 82 92 81 99 73 38 10 22 48 12 25 61 74 
8 4 65 64 83 76 21 63 82 52 11 46 71 45 81 33 94 
9 5 86 18 88 14 63 91 49 15 36 16 51 40 27 59 93 
10 7 17 2 32 69 83 52 60 14 95 73 
11 7 85 70 26 16 54 71 30 55 49 
12 5 58 3 91 61 94 97 6 46 68 29 41 
13 2 87 89 31 99 1 15 90 38 64 8 42 67 34 4 46 75 77 26 80 45 98 63 30 54 20 10 55 56 52 68 61 91 62 
14 6 62 60 55 66 9 13 44 59 50 45 42 14 15 81 8 72 34 53 
15 4 84 79 16 42 82 50 33 4 99 39 95 90 94 8 56 69 52 
16 3 29 66 76 96 36 80 64 60 71 73 77 18 91 81 45 97 
17 7 62 45 40 33 4 49 61 78 27 32 43 96 15 85 86 88 30 28 57 2 59 21 44 17 87 5 11 47 22 73 97 24 13 74 6 
18 3 25 5 78 69 54 89 60 10 76 12 93 74 13 91 47 90 58 67 65 
19 7 5 28 21 19 84 56 31 37 40 72 70 47 62 51 58 6 48 69 90 35 65 23 25 27 60 39 78 97 92 1 7 94 
20 7 57 93 53 100 19 43 42 1 77 36 20 98 85 88 82 38 75 83 65 69 11 
