Matching is stable
1 28
2
3 2
4 15
5 18
6
7
8
9
10
11
12 2
13
14 9
15
16 11
17 10
18 9
19 26
20
21 26
22
23
24 2
25 18
26 11
27 4
28 30
29 6
30 11
31 13
32 17
33 30
34 1
35
36
37 26
38 20
39
40 17
41 4
42 15
43 28
44 29
45 27
46
47 21
48 22
49 27
50 15
51 3
52 4
53 28
54 11
55 14
56 19
57 28
58 12
59
60 14
61 27
62 17
63
64 8
65 8
66 16
67
68
69 18
70 19
71 2
72 3
73
74
75
76 8
77
78 27
79 3
80 29
81 7
82 7
83 3
84 21
85 20
86 9
87 3
88 9
89 24
90
91 12
92 7
93 5
94 12
95
96 16
97 4
98 30
99
100 6
